1 ||1||100||91||难度大，项目复杂，涉及系统架构的改造，需要深入研究||1||
1 ||2||90||81||难度大，涉及多支程序的修改，有些复杂逻辑||1||
1 ||3||80||71||难度适中，涉及多支程序修改||1||
1 ||4||70||61||正常，对现有架构程序进行逻辑调整||1||
1 ||5||60||51||简单程序改动或测试、无难度||1||
1 ||6||50||1||调整参数、无程序修改||1||
2 ||1||100||96||提前30％ (含)及以上||1||
2 ||2||95||91||提前10％～30％||1||
2 ||3||90||81||准时完成||1||
2 ||4||80||71||延迟10％||1||
2 ||5||70||61||延迟20％||1||
2 ||6||60||31||延迟30％||1||
2 ||7||30||1||延迟30％到50％||1||
2 ||8||0||0||延迟50％以上||1||
3 ||1||100||91||功能涵盖全面，需求变更控制完整，技术方案描述思路清楚无异议，业务测试功能描述全面，性能、效率、可靠性、可用性考虑全面||1||
3 ||2||90||81||功能涵盖全面，技术方案描述清楚，程序、作业、参数、数据移植、接口等考虑全面，缺少较复杂逻辑流程图，程序无伪代码||1||
3 ||3||80||71||功能涵盖全面，技术方案描述清楚，无流程图，程序无伪代码，程序、作业、参数、数据移植接口等数据项描述不全||1||
3 ||4||70||61||技术方案描述不清楚，影响模块考虑不全，功能测试点考虑不全，重要项修改不全，需求及方案变更未补充||1||
3 ||5||60||31||功能涵盖不全，需求点有遗漏，功能测试点不全||1||
3 ||6||30||1||技术方案与业务需求存在偏差较大||1||
4 ||1||100||91||代码无BUG，性能优异，考虑复用，对方案提出修改建议，后续阶段无问题||1||
4 ||2||90||81||代码实现正确，流程清晰，存在部分不符合项目编码规范||1||
4 ||3||80||71||代码实现正确，对异常处理不完整||1||
4 ||4||70||61||单元测试成果（单元测试报告、一次出库清单、升级操作步骤、拷屏）提交不完整，质量有欠缺||1||
4 ||5||60||31||提供的程序、作业、脚本、环境部署存在严重问题||1||
4 ||6||30||1||开发的程序存在严重低级错误，无法正常运行||1||
5 ||1||100||91||测试点覆盖全面、条理清晰、UAT和投产无问题出现||1||
5 ||2||90||81||测试成果不达标（模板、测试内容描述、拷屏完整性），退回1次（多退回1次再扣10分）||1||
5 ||3||80||71||基本功能测试正确，未考虑特殊功能||1||
5 ||4||70||61||对测试范围理解出现偏差，有遗漏，必要点未测试||1||
5 ||5||60||31||测试案例已经整理，但部分案例未执行或没有检查结果||1||
5 ||6||50||1||测试发现问题未及时反馈并修改测试文档，造成二次出错||1||
6 ||1||100||91||针对性（用户群）、精确性（行文确切、无二异）、清晰性（简明扼要、图表等）、完整性（相关目录、附录、模板标题等）、可追溯性（修订记录），字体、大小、标点符号、格式规范统一，无错别字||1||
6 ||2||90||81||格式规范（模板）不达标，退回1次扣10分||1||
6 ||3||80||71||完整性有所欠缺||1||
6 ||4||70||61||可追溯性有所欠缺||1||
6 ||5||60||31||精确性、清晰性、完整性、可追溯性有所欠缺||1||
6 ||6||30||1||针对性、精确性、清晰性、完整性、可追溯性有所欠缺||1||
7 ||1||100||91||全面掌握完成本项目所需要的V+或外挂的专业技能和知识储备，对项目的设计方式有深刻的理解，做到知其所以然||1||
7 ||2||90||81||具备独立完成本项目的编码和测试的能力||1||
7 ||3||80||61||对本项目了解一般，初步理解部分业务需求和关键逻辑||1||
7 ||4||60||1||对大部分的业务和字段逻辑没有了解，只限于简单的程序修改||1||
8 ||1||100||91||口头沟通简明扼要、书面表达段落清晰、能够有效准确传递信息并且能够给农行做合理的技术或业务方面的解释说明||1||
8 ||2||90||81||能够抓住重点内容进行沟通、能够积极的采用适当的方式向团队成员或农行人员进行咨询或解释||1||
8 ||3||80||71||主要意图能够表述清楚、但沟通主动性不强、文字表达不够顺畅、需要做补充说明或者逻辑整理||1||
8 ||4||70||61||口头沟通需反复解释，书面表达意图不清，逻辑层次混乱||1||
8 ||5||60||1||沟通不够顺畅、传达信息错误||1||
9 ||1||100||91||能够独立承担各种额外开发任务、有自我约束力、并努力按时完成||1||
9 ||2||90||81||能够承担额外开发任务、但没有按时完成||1||
9 ||3||80||71||在完成本职工作的情况下，无法承担额外工作，也未努力提升自我价值和专业能力||1||
9 ||4||70||61||对无法承担工作轻易放弃，也不继续努力||1||
9 ||5||60||1||消极怠工、放任自流、情绪低落、不愿面对和积极解决问题||1||
10||1||100||91||乐于接受工作任务安排、不拈轻怕重、积极思考、认真处理、主动要求承担额外任务和更多责任、善于发现问题并能够对本职工作提出建设性的建议||1||
10||2||90||81||能够接受工作任务安排、认真负责的完成、勇于承担责任，对个人的细小过失不是特别认真对待||1||
10||3||80||71||能够接受工作任务安排、有责任感、但做事欠周全和认真||1||
10||4||70||61||虽能够完成工作任务安排，缺乏责任感||1||
10||5||60||31||对工作任务的安排偶有抵触情绪、做事欠认真、盲于应付||1||
10||6||50||1||对工作任务的安排挑三拣四、推卸责任、无法按照要求完成工作目标||1||
11||1||100||91||有很强的团队合作意识、能够在团队内主动分享相关的技术和业务经验、能够积极协调相关的其他模块人员||1||
11||2||90||81||有团队合作意识、未能积极协助团队成员完成设计和开发工作||1||
11||3||80||71||能够独立完成自己的任务、团队意识缺乏||1||
11||4||70||21||孤立做事、不愿分享或帮助团队其他成员||1||
11||5||20||1||人际关系紧张、与人合作困难、我行我素||1||
12||1||100||81||严格遵守项目组规章制度、准时出勤、上班时间不做其他任何与工作无关的事情||1||
12||2||80||61||工作时间长期做工作无关的事情（上网\聊天\炒股\游戏\听歌等）||1||
12||3||60||31||无故迟到早退、工作时间擅自离岗外出、每日工时未满7.5小时||1||
12||4||30||1||在工作环境发表对客户、公司或同事的不满或个人抱怨，对违纪屡次提醒不予改正的||1||
12||5||0||0||故意破坏开发系统环境、泄密客户以及公司的内部资料||1||
