1,0004,5,总行,1,5,1
2,0004,3,省分行,2,3,1
3,0001,0,作废,3,0,1
4,0001,1,正常,1,1,1
5,0001,2,停用,2,2,1
7,0002,0,作废,2,0,1
8,0002,1,正常,1,1,1
101,0003,0,文件夹,1,0,1
102,0003,1,叶子节点,2,1,1
201,0007,0,待复核,1,0,1
202,0007,1,锁定,2,1,1
203,0007,2,退回,3,2,1
302,0008,1,本币,1,1,1
303,0008,2,外币,2,2,1
501,0005,c,增加,1,c,1
502,0005,u,修改,2,u,1
503,0005,r,查询,3,r,1
504,0005,d,删除,4,d,1
508,0006,01,登录,1,01,1
509,0006,02,业务处理,2,02,1
510,0006,03,系统维护,3,03,1
601,0005,login,登录,6,l,1
602,0005,logout,签退,7,lo,1
1551,0000,1,是,1,1,1
1552,0000,0,否,2,0,1
12851,9994,0,BRD,0,0,1
12852,9994,1,FTS,1,1,1
12853,9994,2,DEV,2,2,1
12854,9994,3,SIT,3,3,1
12855,9994,4,UAT,4,4,1
12856,9994,5,PRD,5,5,1
12858,9994,7,PAUSE,7,7,1
12859,9992,1,需求分析,1,1,1
12860,9992,2,程序开发,2,2,1
12861,9992,3,集成测试,3,3,1
12862,9992,4,文档,4,4,1
12863,9992,5,会议,5,5,1
12864,9992,6,研析,6,6,1
12865,9992,7,维护,7,7,1
12866,9992,8,问题单处理,8,8,1
12951,9994,8,无,8,8,1
13051,9992,9,咨询报告,9,9,1
13052,9992,A,其它,10,A,1
13351,9993,0,未解决,1,0,1
13352,9993,1,以后解决,2,1,1
13353,9993,2,已解决,3,2,1
13354,9993,3,已删除,4,3,1
13451,9992,B,进度计划,11,B,1
13452,9992,C,需求设计,12,C,1
13453,9992,D,UAT支持,13,D,1
13454,9992,E,投产实施,14,E,1
13455,9992,F,问题处理,15,F,1
13456,9992,G,方案建议,16,G,1
13457,9992,H,数据提取,17,H,1
13458,9992,I,FIX分析,18,I,1
13459,9992,J,版本升级,19,J,1
13460,9992,K,版本管理,20,K,1
13461,9992,L,成果归档,21,L,1
13462,9992,M,培训,22,M,1
13463,9992,N,工时统计,23,N,1
13464,9992,O,验收,24,O,1
13465,9991,1,10%,1,1,1
13466,9991,2,20%,2,2,1
13467,9991,3,30%,3,3,1
13468,9991,4,40%,4,4,1
13469,9991,5,50%,5,5,1
13470,9991,6,60%,6,6,1
13471,9991,7,70%,7,7,1
13472,9991,8,80%,8,8,1
13473,9991,9,90%,9,9,1
13474,9991,0,100%,10,0,1
13851,9990,A,北分副总,1,A,1
13853,9990,C,北分行政,3,C,1
13854,9990,D,北分人事,4,D,1
13855,9990,E,北分IT,5,E,1
13856,9990,F,北分会计,6,F,1
13857,9990,G,北分出纳,7,G,1
13861,9990,K,农行贷记卡系统运维Y2008,11,K,1
13862,9990,L,农行外挂系统运维Y2008,12,L,1
13951,9990,M,其它,13,M,1
13952,9990,N,农行贷记卡客服二期接口,14,N,1
14551,9989,1,DEV,1,1,1
14552,9989,2,SIT,2,2,1
14553,9989,3,UAT,3,3,1
14554,9989,4,REL,4,4,1
14555,9989,0,BRD,0,0,1
14651,9989,9,删除,9,9,1
14563,9992,P,病假,25,P,1
14564,9992,Q,事假,26,Q,1
14565,9992,R,年休假,27,R,1
14566,9992,S,值班调休,28,S,1
14567,9992,T,工作报告,29,T,1
14568,9992,U,资源报告,30,U,1
14569,9992,V,版本核对,31,V,1
14570,9992,W,代码归档,32,W,1
14853,9994,9,删除,9,9,1
16751,9990,K,外挂系统升级Y08及Y09,11,K,1
17251,9988,1,07-08年V+运维合同,1,1,1
17252,9988,2,08-09年V+运维合同,2,2,1
17253,9988,3,08-09年外挂运维合同,3,3,1
17254,9988,4,V+二期开发合同,4,4,1
17351,9988,5,客服二期合同,5,5,1
17352,9988,6,V+开发合同外,6,6,1
17353,9988,7,外挂开发合同外,7,7,1
19151,9986,1,问题单处理,1,1,1
19152,9986,2,客户化问题修正,2,2,1
19153,9986,3,产品问题修正,3,3,1
19154,9986,4,数据提取,4,4,1
19155,9986,5,配合系统环境变更等,5,5,1
19156,9986,6,V+产品FIX分析,6,6,1
19157,9986,7,V+升级,7,7,1
19158,9986,8,国际组织升级（VISA、MasterCard各两次）,8,8,1
19159,9986,9,国际组织专用软件升级,9,9,1
19160,9986,10,客户化升级,10,10,1
19161,9986,11,新功能新产品咨询,11,11,1
19162,9986,12,新功能新产品启用,12,12,1
19163,9986,13,参数调整分析/测试,13,13,1
19164,9986,14,数据文件预防检查,14,14,1
19165,9986,15,批量运行优化,15,15,1
19166,9986,16,灾难预案,16,16,1
19167,9986,17,其他监控分析,17,17,1
19168,9986,18,数据清理及备份,18,18,1
19169,9987,1,问题单处理,1,1,1
19170,9987,2,程序问题修正,2,2,1
19171,9987,3,配合系统环境变更,3,3,1
19172,9987,4,系统监控分析,4,4,1
19173,9987,5,联名卡参数方案及技术配合,5,5,1
19174,9987,6,程序或系统优化,6,6,1
19175,9987,7,数据清理及备份,7,7,1
19176,9987,8,联机数据库拆分,8,8,1
19177,9987,9,历史数据库拆分,9,9,1
