00000013,00000000,系统管理,0,1,6, 
00000015,00000013,门户管理,0,2,1, 
00000016,00000013,参数配置,0,2,2, 
00000017,00000013,操作日志,0,2,4,OpLog.do?act=ql
00000022,00000015,首页模板维护,0,3,1,HomePage.do?act=list
00000023,00000015,用户管理,0,3,2,User.do?act=list&init=true
00000024,00000015,菜单管理,0,3,3,portal/menu/index.jsp
00000025,00000015,角色管理,0,3,4,Role.do?act=list
00000026,00000015,操作权限定义,0,3,5,portal/op/OP_index.jsp
00000027,00000015,机构权限管理,0,3,6,Org.do?act=list
00000044,00000016,公共参数维护,0,3,1,SysParam.do?act=list
00000045,00000016,主键管理,0,3,2,PmKey.do?act=list
00000046,00000016,数据字典维护,0,3,3,DicType.do?act=list
00000324,00000000,项目维护,0,1,1, 
00000325,00000324,当前项目列表,0,2,1,ProjectMaintain.do?act=qpl
00000326,00000324,所有项目列表,0,2,2,ProjectMaintain.do?act=qal